Simulation Parameters:
R0: [[[10.  0.  0.]
  [10.  0.  0.]
  [10.  0.  0.]
  ...
  [10.  0.  0.]
  [10.  0.  0.]
  [10.  0.  0.]]

 [[10.  0.  0.]
  [10.  0.  0.]
  [10.  0.  0.]
  ...
  [10.  0.  0.]
  [10.  0.  0.]
  [10.  0.  0.]]

 [[10.  0.  0.]
  [10.  0.  0.]
  [10.  0.  0.]
  ...
  [10.  0.  0.]
  [10.  0.  0.]
  [10.  0.  0.]]

 ...

 [[10.  0.  0.]
  [10.  0.  0.]
  [10.  0.  0.]
  ...
  [10.  0.  0.]
  [10.  0.  0.]
  [10.  0.  0.]]

 [[10.  0.  0.]
  [10.  0.  0.]
  [10.  0.  0.]
  ...
  [10.  0.  0.]
  [10.  0.  0.]
  [10.  0.  0.]]

 [[10.  0.  0.]
  [10.  0.  0.]
  [10.  0.  0.]
  ...
  [10.  0.  0.]
  [10.  0.  0.]
  [10.  0.  0.]]]
w: [20 20 20]
l: [0.5 0.1 0.1]
g: [0.4 0.6]
m: [0. 0.]
ext: [10.  0.  0.]
rapp: 0.01
n: 40
sor: 1.85
L: 40
D: 10.0
acc: 0.001
ref: 0

Matrices:
uptake:
[[1. 0. 1.]
 [1. 1. 0.]]

met:
[[0. 0. 0.]
 [1. 0. 1.]
 [1. 1. 0.]]

sign:
[[1. 0. 0.]
 [1. 0. 0.]]

ess:
[[0. 0. 1.]
 [0. 1. 0.]]

spec_met:
[[0. 1. 0.]
 [0. 0. 1.]]

